classe_1_32_40	10	0.094666	3.00	3	3
classe_1_48_60	11	0.127849	5.00	5	5
classe_1_64_80	13	0.369577	4.00	4	4
classe_1_80_100	20	1.000401	3.00	3	3
classe_1_112_140	18	1.128321	4.00	4	4
classe_1_144_180	16	3.752796	5.10	5	6
classe_1_160_200	29	10.635158	3.00	3	3
classe_1_192_240	26	4.767013	4.00	4	4
classe_1_224_280	45	5.620258	3.00	3	3
classe_1_240_300	25	22.875244	5.00	5	5
classe_2_32_40	15	0.111625	2.00	2	2
classe_2_48_60	24	1.236368	1.00	1	1
classe_2_64_80	34	0.575850	2.00	2	2
classe_2_80_100	42	5.445169	1.00	1	1
classe_2_112_140	53	14.053828	1.00	1	1
classe_2_144_180	66	28.936985	1.00	1	1
classe_2_160_200	91	41.493373	1.00	1	1
classe_2_192_240	111	72.190606	1.00	1	1
classe_2_224_280	121	111.119329	1.00	1	1
classe_2_240_300	132	140.189533	1.00	1	1
classe_4_32_40	10	0.102705	19.00	19	19
classe_4_48_60	11	0.188748	26.00	26	26
classe_4_64_80	13	0.359056	30.30	30	31
classe_4_80_100	20	0.668689	23.10	23	24
classe_4_112_140	18	0.738358	37.60	37	38
classe_4_144_180	16	1.129416	44.90	44	45
classe_4_160_200	29	4.136531	23.50	23	24
classe_4_192_240	26	4.148220	31.90	31	34
classe_4_224_280	45	13.219524	17.70	17	18
classe_4_240_300	25	6.360938	39.20	39	40
classe_5_32_40	15	0.121187	14.00	14	14
classe_5_48_60	24	0.339030	13.00	13	13
classe_5_64_80	34	0.697278	9.00	9	9
classe_5_80_100	42	2.929578	6.80	6	7
classe_5_112_140	53	5.407891	8.50	8	9
classe_5_144_180	66	12.891017	7.70	7	8
classe_5_160_200	91	25.502449	5.00	5	5
classe_5_192_240	111	43.851007	5.00	5	5
classe_5_224_280	121	95.384662	5.00	5	5
classe_5_240_300	132	91.945276	5.00	5	5
classe_6_32_40	23	0.131110	7.00	7	7
classe_6_48_60	42	0.592157	2.00	2	2
classe_6_64_80	53	0.485490	3.00	3	3
classe_6_80_100	66	1.034334	2.00	2	2
classe_6_112_140	87	12.366930	2.60	2	3
classe_6_144_180	109	24.706004	2.00	2	2
classe_6_160_200	139	26.219459	1.00	1	1
classe_6_192_240	143	46.264403	2.00	2	2
classe_6_224_280	188	75.401200	1.00	1	1
classe_6_240_300	204	93.777703	1.00	1	1
classe_7_32_40	10	0.000801	40.00	40	40
classe_7_48_60	11	0.031814	60.00	60	60
classe_7_64_80	13	0.005655	80.00	80	80
classe_7_80_100	20	0.019621	100.00	100	100
classe_7_112_140	18	0.277445	140.00	140	140
classe_7_144_180	16	0.112332	180.00	180	180
classe_7_160_200	29	2.146536	197.00	197	197
classe_7_192_240	26	2.330290	232.90	232	233
classe_7_224_280	45	10.679377	39.90	38	42
classe_7_240_300	25	4.739521	79.00	78	81
classe_8_32_40	15	0.001396	40.00	40	40
classe_8_48_60	24	0.008900	60.00	60	60
classe_8_64_80	34	0.569605	78.00	78	78
classe_8_80_100	42	0.963694	94.00	94	94
classe_8_112_140	53	2.048465	115.00	115	115
classe_8_144_180	66	3.995952	149.00	149	149
classe_8_160_200	91	6.323652	144.00	144	144
classe_8_192_240	111	15.427618	148.00	148	148
classe_8_224_280	121	49.546471	9.20	9	10
classe_8_240_300	132	47.770700	9.00	9	9
classe_9_32_40	23	0.166207	39.00	39	39
classe_9_48_60	42	0.343339	48.00	48	48
classe_9_64_80	53	0.785360	60.00	60	60
classe_9_80_100	66	1.142707	72.00	72	72
classe_9_112_140	87	5.104282	80.00	80	80
classe_9_144_180	109	7.016506	102.00	102	102
classe_9_160_200	139	7.406011	89.90	89	90
classe_9_192_240	143	13.503142	108.00	108	108
classe_9_224_280	188	37.937071	2.50	2	3
classe_9_240_300	204	46.661394	2.30	2	3
