40 40 804 33
1 2
1 4
1 6
1 8
1 9
1 13
1 15
1 16
1 18
1 19
1 20
1 22
1 24
1 25
1 26
1 27
1 31
1 33
1 36
1 38
2 1
2 5
2 8
2 10
2 11
2 12
2 13
2 15
2 16
2 17
2 20
2 21
2 23
2 24
2 25
2 27
2 28
2 29
2 31
2 32
2 34
2 35
2 36
2 39
2 40
3 1
3 2
3 3
3 5
3 6
3 7
3 10
3 11
3 13
3 14
3 15
3 18
3 20
3 21
3 23
3 24
3 26
3 27
3 30
3 31
3 35
3 36
3 37
3 38
3 40
4 1
4 2
4 4
4 5
4 6
4 7
4 8
4 9
4 10
4 12
4 15
4 16
4 17
4 20
4 21
4 22
4 23
4 30
4 36
5 3
5 4
5 7
5 9
5 10
5 11
5 12
5 13
5 14
5 15
5 16
5 17
5 18
5 21
5 22
5 23
5 25
5 31
5 34
5 36
5 37
5 39
6 1
6 3
6 5
6 6
6 13
6 14
6 15
6 18
6 22
6 26
6 27
6 28
6 29
6 30
6 31
6 33
6 34
6 39
6 40
7 1
7 2
7 4
7 5
7 8
7 9
7 12
7 14
7 18
7 19
7 20
7 21
7 23
7 26
7 27
7 31
7 33
7 34
7 35
7 37
7 38
7 39
8 1
8 2
8 4
8 6
8 8
8 9
8 12
8 15
8 16
8 17
8 18
8 19
8 21
8 24
8 29
8 33
8 34
8 35
8 36
8 37
8 38
8 39
8 40
9 1
9 2
9 3
9 4
9 7
9 8
9 11
9 13
9 15
9 17
9 18
9 20
9 21
9 23
9 24
9 25
9 29
9 30
9 36
9 37
9 38
10 3
10 4
10 6
10 7
10 9
10 10
10 11
10 12
10 13
10 14
10 17
10 18
10 21
10 23
10 24
10 25
10 26
10 27
10 28
10 33
10 34
10 35
10 37
10 38
10 40
11 2
11 5
11 6
11 8
11 9
11 11
11 16
11 19
11 21
11 22
11 23
11 27
11 29
11 30
11 34
11 35
11 36
11 40
12 2
12 3
12 5
12 8
12 10
12 13
12 14
12 15
12 17
12 19
12 20
12 22
12 25
12 26
12 27
12 29
12 30
12 37
12 38
12 40
13 2
13 3
13 8
13 9
13 10
13 14
13 16
13 17
13 18
13 19
13 23
13 27
13 30
13 31
13 32
13 35
13 36
13 38
13 39
13 40
14 1
14 2
14 5
14 6
14 7
14 8
14 9
14 11
14 12
14 13
14 14
14 19
14 20
14 24
14 25
14 27
14 31
14 32
14 34
14 38
14 39
14 40
15 1
15 4
15 6
15 10
15 11
15 12
15 13
15 16
15 17
15 18
15 20
15 21
15 22
15 24
15 25
15 26
15 28
15 31
15 32
15 34
15 36
15 37
15 38
15 39
15 40
16 2
16 6
16 9
16 10
16 12
16 13
16 14
16 18
16 21
16 24
16 27
16 28
16 31
16 32
16 33
16 34
16 36
16 38
17 1
17 4
17 5
17 6
17 7
17 9
17 13
17 17
17 21
17 22
17 24
17 26
17 28
17 29
17 30
17 31
17 34
17 36
17 37
17 38
18 1
18 4
18 5
18 6
18 8
18 14
18 15
18 16
18 17
18 18
18 20
18 22
18 24
18 27
18 28
18 29
18 30
18 32
18 35
18 37
19 3
19 4
19 6
19 9
19 10
19 14
19 15
19 16
19 17
19 18
19 19
19 20
19 24
19 28
19 32
19 33
20 1
20 3
20 4
20 5
20 6
20 9
20 10
20 13
20 14
20 15
20 16
20 18
20 19
20 20
20 21
20 23
20 26
20 27
20 30
20 31
20 32
20 33
20 34
20 35
20 36
20 38
21 2
21 3
21 6
21 8
21 10
21 12
21 16
21 19
21 20
21 21
21 23
21 24
21 25
21 28
21 29
21 30
21 33
21 35
21 38
21 39
21 40
22 2
22 5
22 8
22 11
22 14
22 19
22 21
22 22
22 25
22 28
22 29
22 30
22 31
22 33
22 34
22 37
22 38
23 3
23 5
23 7
23 9
23 11
23 12
23 13
23 15
23 17
23 26
23 27
23 28
23 29
23 33
23 35
23 39
24 2
24 3
24 5
24 6
24 7
24 8
24 9
24 10
24 14
24 17
24 20
24 22
24 23
24 24
24 25
24 26
24 32
24 33
24 34
24 35
24 36
24 37
24 38
24 39
25 1
25 7
25 10
25 12
25 13
25 16
25 17
25 20
25 22
25 25
25 26
25 29
25 33
25 34
25 35
25 36
25 38
25 39
25 40
26 2
26 4
26 8
26 10
26 11
26 12
26 15
26 20
26 24
26 29
26 32
26 34
26 37
26 38
27 4
27 7
27 8
27 12
27 14
27 15
27 16
27 17
27 20
27 30
27 36
27 37
27 38
27 40
28 2
28 10
28 12
28 14
28 19
28 20
28 23
28 24
28 26
28 30
28 33
28 37
28 38
29 1
29 2
29 4
29 7
29 13
29 15
29 16
29 18
29 20
29 22
29 23
29 24
29 25
29 27
29 28
29 34
29 36
29 40
30 2
30 3
30 5
30 7
30 8
30 9
30 13
30 14
30 15
30 16
30 17
30 19
30 20
30 21
30 22
30 23
30 26
30 30
30 31
30 34
30 35
30 36
30 38
30 39
31 1
31 2
31 5
31 7
31 10
31 16
31 17
31 20
31 22
31 23
31 26
31 28
31 29
31 31
31 35
31 36
31 37
31 38
31 39
32 4
32 6
32 8
32 9
32 10
32 11
32 13
32 15
32 16
32 18
32 19
32 20
32 21
32 22
32 23
32 24
32 25
32 26
32 31
32 32
32 35
32 36
32 38
33 1
33 2
33 4
33 5
33 8
33 9
33 12
33 13
33 14
33 15
33 16
33 18
33 19
33 22
33 23
33 24
33 25
33 27
33 28
33 31
33 32
33 34
33 36
33 37
33 38
33 40
34 1
34 2
34 4
34 5
34 11
34 12
34 13
34 16
34 17
34 21
34 22
34 26
34 27
34 28
34 30
34 32
34 34
34 35
34 37
35 1
35 6
35 7
35 9
35 12
35 13
35 14
35 15
35 18
35 20
35 24
35 26
35 27
35 29
35 33
35 37
35 39
35 40
36 2
36 3
36 4
36 5
36 12
36 13
36 15
36 16
36 17
36 19
36 20
36 23
36 25
36 26
36 27
36 28
36 30
36 35
36 36
36 37
36 39
37 3
37 6
37 7
37 8
37 9
37 10
37 11
37 13
37 15
37 16
37 18
37 22
37 25
37 27
37 29
37 30
37 34
37 35
38 3
38 5
38 7
38 14
38 17
38 18
38 19
38 20
38 21
38 22
38 24
38 28
38 31
38 34
38 37
38 38
39 1
39 3
39 7
39 8
39 9
39 10
39 15
39 18
39 20
39 21
39 23
39 24
39 25
39 29
39 37
40 2
40 5
40 6
40 7
40 8
40 9
40 10
40 11
40 12
40 15
40 20
40 22
40 23
40 24
40 26
40 27
40 28
40 29
40 30
40 31
40 34
40 36
40 37
